90.26166666666667,90.27
90.24833333333333,90.26
90.24833333333333,90.26
90.24666666666667,90.26
